CSC 1180
45885 100 0 100 98 0 95 96 96 0 95 73 64 73 64 71
40488 100 100 100 0 0 100 93 0 0 95 62 48 62 48 57
29504 100 100 95 93 100 100 98 97 78 95 75 62 75 62 69
43600 100 100 75 88 50 70 98 0 100 90 63 68 63 68 80
46546 100 100 100 90 85 100 100 100 100 97 83 86 83 86 89
45788 100 100 0 95 90 50 95 97 100 100 80 48 80 48 71
45933 100 100 100 90 100 95 100 97 95 95 89 85 89 85 97
44655 100 100 50 60 50 0 85 90 78 95 26 57 26 57 60
43633 100 100 75 98 100 100 98 97 100 100 79 89 79 89 89
46077 100 100 75 86 75 100 100 97 100 95 86 86 86 86 89
46057 100 100 95 100 90 95 96 100 100 100 98 87 98 87 100
41675 100 100 75 75 95 100 90 97 98 92 56 64 56 64 69
46635 100 100 100 88 95 100 100 100 73 100 54 61 54 61 86
44470 100 100 100 99 100 95 100 97 100 100 92 87 92 87 100
34963 100 100 75 88 75 100 93 96 99 95 68 53 68 53 49
45838 100 100 100 100 100 100 100 97 100 100 88 73 88 73 94